Mixture	Basal cells	Epithelial	Endothelial	Fibroblasts	Pericytes	Monocyte	Macrophage	T cells	B cells	pDC	P-value	Correlation	RMSE
BA00129	0.0324566964137071	0.321233502797765	0.0255844494123712	0.112126657435458	0.0538730058765496	0.0425782768961146	0.0615359117360125	0.213928285831348	0.0356444269211734	0.1010387866795	0	0.39107631724604	1.0678812249841
BA00130	0	0.364432477863428	0	0.135323546887065	0.0560369737968965	0.0136811057933008	0.186924691921955	0.0544217438884591	0.150053361790652	0.0391260980582436	0	0.249819039368281	1.1729794530189
BA00132	0.0460106058251422	0.267662394501588	0.0239109224938861	0.224585747106206	0.0404885281171789	0	0.138432753522774	0.139639370184577	0.0549638782575758	0.0643057999910721	0	0.413896860080826	1.0447559313924
BA00133	0	0.447760645796195	0.0143675608650378	0.190881485497543	0.137982583087386	0	0.0757379692184654	0.0284403638031152	0.0727599731217091	0.0320694186105483	0	0.329291133218478	1.12108696570488
BA00135	0	0.460171750251758	0	0.207275292930217	0.0907313431793996	0	0.157033976662707	0.0384995346738804	0	0.046288102302038	0	0.518476517051839	0.958308450341967
BA00136	0.0931694794971259	0.317102841724866	0.0213594027353596	0.245870729942118	0.0936144755991092	0.0122332564811369	0.13065142498148	0.0535363702220449	0	0.0324620188167598	0	0.446790581341109	1.02565005603302
BA00137	0	0.624942168018502	0.015638968641078	0.115687394367207	0.0919008058945809	0.00655869154528879	0.0388224140731821	0.0546593642424398	0.0143284229381219	0.0374617702795993	0	0.496777757418079	0.983389858072668
BA00138	0	0.349998943103291	0.0223227596870242	0.105926416588007	0.0502297773009198	0	0.136601978539229	0.125583941495563	0.145651015067337	0.0636851682186289	0	0.543030522465897	0.916393502356042
BA00139	0	0.15634463800862	0.0354109022990684	0.491494623026504	0.0352343143283723	0.021160200645356	0.0727796197216878	0.0906499381413537	0.0497076312209721	0.0472181326080654	0	0.392934067194208	1.06587403866506
BA00140	0	0.446006092271567	0.0286038075674115	0.203734633191187	0.0360251813761441	0	0.0876835250372764	0.113429592588931	0.0301422202907583	0.0543749476767249	0	0.371599631710616	1.08802558147177
BA00141	0.01213662526515	0.211058768649542	0.0740835829368835	0.364782625575329	0.0686920611996995	0	0.100629743512797	0.104705682360174	0.0105476728314838	0.0533632376689418	0	0.422777575203739	1.04271197530447
BA00142	0.0141248789030616	0.639612019649969	0.00320250212591202	0.0544588204164179	0.0988379901094782	0	0	0.0579746986718378	0.0754120497378533	0.0563770403854695	0	0.396794588567393	1.07133144107344
BA00143	0.0522915579918524	0.30716984031819	0.0327206942796298	0.283116156811646	0.0707515697670725	0	0.127769522617313	0.0834303993172083	0	0.042750258897089	0	0.392555503514349	1.07247341664765
BA00145	0	0.599724871958437	0.0323713202311828	0.0186069824368079	0.044540470474905	0	0.137039822859363	0.106594092848859	0	0.0611224391904452	0	0.401047693712743	1.07352308699769
BA00146	0	0.526790774099665	0.0179393817903404	0.0841079504517581	0.0556345638964367	0	0.0645413165350515	0.149888637544242	0.0431461830521093	0.0579511926303969	0	0.299787239182264	1.14944066139182
BA00147	0	0.0850463782533464	0.0179081354067371	0.0580220826700997	0.0468501851110901	0.011482075184829	0.0637120267529126	0.40508385392683	0.191790303454639	0.120104959239516	0	0.585398426213062	0.869359958731189
BA00148	0.0437605156740589	0.479111871939927	0.0240442743803172	0.136926364241066	0.0802363828068818	0.0093621083703384	0.0827857596703735	0.0907274572926114	0.00220303076402713	0.0508422348603992	0	0.352367749786311	1.11096660033632
BA00149	0.10626079190485	0.370013041595383	0.0107191437119901	0.145624381039929	0.041894734393835	0	0.128721044185901	0.140756663015515	0.0146196891366334	0.0413905110159633	0	0.433060529882235	1.03529278236331
BA00150	0	0.425079569685518	0.0270193210817416	0.336428736770844	0.0821205442644379	0	0.0165954682066444	0.0455688623891564	0.0269123817144627	0.0402751158871944	0	0.489678179469082	0.983851595169565
BA00151	0.111016621251447	0.45983575655745	0.0285021494213005	0.143219409712956	0.0586075245660244	0.0462567405811486	0	0.0767528485558899	0.0263704358940573	0.0494385134597275	0	0.26219619557574	1.18509298068028
BA00152	0.0242611260909337	0.570688913518685	0.0281707810076504	0.0805149006915312	0.0420618505610544	0	0.14275801411405	0.0673670037406274	0	0.0441774102754678	0	0.319632989931219	1.14320856681929
BA00161	0	0.629501126530585	0	0.184697752013201	0.0690773549517204	0	0.0505747993146621	0.0335389870214417	0	0.03260998016839	0	0.426407414522777	1.05192482965645
BA00162	0	0.523945553304803	0.00601180951647002	0.165379640379473	0.0554803598589595	0	0.14539594884	0.0646614769036885	0	0.0391252111966063	0	0.493914190817642	0.983418897363947
BA00163	0	0.712964369411476	0	0.0657189318600099	0.0538719504311886	0	0.112303835097518	0.0149348690924464	0	0.040206044107361	0	0.469716714988992	1.01644376824334
BA00165	0	0.402113001264657	0	0.293900156062148	0.0886110661221322	0	0.0891557055780356	0.0376763972340153	0.0408555513417173	0.0476881223972943	0	0.415007945510476	1.04985629097486
BA00167	0.029379857219025	0.344978066270716	0.00587571964812292	0.365249976993351	0.0497147544111916	0.0485444360826523	0.091966638413779	0.0251585239128501	0.00784624078985167	0.0312857862584602	0	0.543741431786827	0.931517819535586
BA00171	0	0.497912491434795	0	0.10644558483509	0.0898692909873159	0.0344738261948944	0.100930308312329	0.0135710953770674	0.123896905735165	0.0329004971233434	0	0.244687578713441	1.18525129814344
BA00175	0.0778018952321377	0.282903926070945	0.0233755177424722	0.20360482263991	0.0923328508040909	0	0.0870173701487896	0	0.195674466908472	0.0372891504531823	0	0.511331248574084	0.944779915466912
BA00216	0.0261548822789338	0.174915163064322	0.113415192941762	0.33840852425308	0.133012121011662	0	0.0576166122090829	0.0592623614112799	0.0682656852560301	0.0289494575738475	0	0.581028055563268	0.885349336099228
BA00217	0	0.131474264865966	0.0268731014708259	0.217642146652651	0.0522449304906714	0	0.130959162781582	0.149267557237317	0.246124905580259	0.0454139309207286	0	0.587700874795028	0.860297950754969
BA00218	0.0498507318392732	0.33204771125204	0.0145677097909977	0.120495254604147	0.0737718571628036	0.0157063033464432	0.0706478207255004	0.159636735193143	0.0723736957559229	0.0909021803297289	0	0.530215571822245	0.935834446731776
BA00219	0.0163880357594623	0.43122642866553	0.0383801765166891	0.15286876802019	0.0723751184252545	0.038525666903298	0.0461925790617136	0.108129865077988	0.0460771537532468	0.0498362078166272	0	0.53891499533938	0.931343597163379
BA00220	0	0.362367850595467	0.0325434642238079	0.0928265871290396	0.0713280328191919	0	0.212852612696943	0.115923928411258	0.0518558028203233	0.0603017213039689	0	0.525494573121828	0.943286330454284
BA00221	0.000604309916920183	0.10862359732058	0.037295117687667	0.173265741985274	0.00542968071714444	0	0.0877822852619493	0.338384107812515	0.183172323925792	0.0654428353721579	0	0.552237545854661	0.900221846342755
BA00222	0	0.383528388326082	0.0330251881156509	0.199411880519708	0.0384613436842772	0.0420487944580552	0.105768441776723	0.0720327732446821	0.0632480845782039	0.0624751052966184	0	0.384708138482362	1.07275482671452
BA00223	0	0.351557977257038	0.024221031509807	0.126449935987113	0.0404727051610106	0	0.258729420817796	0.125415707426804	0.0190479285844378	0.0541052932559936	0	0.530888762002273	0.941110905442939
BA00224	0.0278342763540618	0.19271557639308	0.0337987284005411	0.39075044766527	0.116367583959371	0.0321216299068426	0.0898212349471771	0.0811642067084596	0.0015646626166364	0.0338616530485605	0	0.470106591982197	1.00132034289288
BA00225	0	0.737442101686943	0	0.0870419890184397	0.0525875104225087	0	0.0495866306769728	0.0454410063268933	0	0.0279007618682424	0	0.489189789406327	0.997635224599504
BA00226	0	0.266947628970561	0.0245263612482254	0.167580014967635	0.0272153035735496	0	0.195464895229674	0.0862832416721438	0.178226785253764	0.0537557690844461	0	0.428333164213419	1.01995656840015
BA00227	0	0.580428860750196	0.018914853925011	0.125903874406987	0.0487328374897604	0	0.0919029826064478	0.0619015322261806	0.0333071532107399	0.038907905384677	0	0.441952399100323	1.03105975598214
BA00229	0	0.492750258629471	0.0468340701336818	0.139171046908274	0.0639794531250764	0	0.100859088781797	0.0835903014383283	0.0214543559470563	0.0513614250363155	0	0.336053111882403	1.12207617554165
BA00230	0	0.278233897271164	0.0445320702709506	0.379461158072824	0.0669680778215776	0	0.0500717258100344	0.0975527684306684	0.0383364081765806	0.0448438941462011	0	0.582978682080715	0.884922412493283
BA00231	0.0361523862629587	0.55004342291495	0.0236377261702825	0.0983522233796967	0.0872692593798637	0	0.0947016320269426	0.0512595481999829	0.0136500141058943	0.0449337875594282	0	0.50508097206737	0.973621020088192
BA00232	0.0290514925502097	0.414837129595533	0.0307850937245009	0.138151337469303	0.0561811336876998	0.0241415242972607	0.0942171729989749	0.108817992833783	0.0580273929924746	0.0457897298502609	0	0.508222164710032	0.960233846350499
BA00233	0	0.619251827546053	0.0762041975588757	0.0680784131433831	0.103090610992041	0	0.0436567429297517	0.0297165373996274	0.02351355404292	0.0364881163873483	0	0.460956638012128	1.01810006729207
BA00234	0	0.710755566434038	0	0.049302876707254	0.0524790511754043	0	0.0585291919135956	0.0822977593232751	0	0.0466355544464328	0	0.441800799625088	1.04096474352361
BA00235	0	0.545078032032702	0.0253678001342742	0.144030832434514	0.0353730533587971	0	0.133396383438167	0.0711956171776879	0	0.0455582814238583	0	0.475994116004195	1.00152565921452
BA00236	0	0.367291099542799	0.0450433520216909	0.15414579275937	0.0697452766484684	0	0.139458850651195	0.0935093740213468	0.0690911384890765	0.0617151158660535	0	0.448163029302992	1.01461377983175
BA00237	0	0.636363038359915	0.0219038360076777	0.0963378160934493	0.0847033407822241	0.021970297288703	0.049017695710885	0.0401142168098821	0.0205136263020788	0.029076132645185	0	0.435976701661071	1.04112499720949
BA00398	0	0.485650761248619	0.0407059900384422	0.203650408423385	0.0693894718386699	0	0.121743373385584	0.0522544995065813	0	0.0266054955587177	0	0.542832306120895	0.934136862283496
BA00401	0	0.433255154038529	0.000743295260560614	0.0473921055630994	0.0541798017012222	0	0.165556657091775	0.162894774718605	0.0904887559942259	0.0454894556319828	0	0.585005730764707	0.879558911668604
BA00402	0	0.516393989717656	0	0.187438622744336	0.0482054347281608	0	0.112114015076724	0.0851776793109947	0.00616437780123363	0.044505880620895	0	0.563531112685851	0.912073797673014
BA00403	0.0747102200878692	0.401573551329567	0.0199481566061909	0.258459906750187	0.0452506805492287	0	0.0924808017435064	0.0541405103998765	0.0141518220989167	0.039284350434658	0	0.595258013966321	0.87757407346439
BA00404	0	0.40287353009168	0.0130880531195084	0.188050447560913	0.0351653583586344	0	0.152871864149117	0.102023761488081	0.0527889609488194	0.0531380242832464	0	0.385617755487638	1.07241639756839
BA00405	0	0.45729730851827	0.0264770688286062	0.177191779851015	0.0524093642717575	0	0.146065349021692	0.111870068696954	0	0.0286890608117047	0	0.566501625339409	0.907343000048793
BA00406	0	0.452575424334941	0.0390404178792617	0.240208442962274	0.083716352956422	0.0357980844553822	0.0200046865156109	0.0842563326401284	0	0.0444002582559796	0	0.540134902861121	0.935634103981926
BA00408	0	0.170808250922426	0.0438754366733702	0.377717081627136	0.0723171037268739	0	0.116878588030213	0.136289037213923	0.0262229911388957	0.0558915106671633	0	0.491073297141488	0.976011310241998
BA00409	0	0.48651409132285	0.0344246484584467	0.293164777386204	0.0689036097231756	0	0.0154934164904159	0.0379524463955722	0.0216866451376515	0.0418603650856836	0	0.549074224808255	0.927030226097228
BA00410	0.0487660128245555	0.572317910732944	0.0338805315932609	0.0783889439928571	0.0315384690865918	0	0.105562940690539	0.0995607104016593	0	0.0299844806775928	0	0.43925320713865	1.03764542033606
BA00411	0	0.519255383353467	0.011432041619666	0.236507913755802	0.0444961745006896	0	0.0650806195458951	0.0700353511118038	0	0.0531925161126767	0	0.354743420699569	1.10999159606545
BA00412	0	0.526032468705754	0.00839807645449232	0.0568010145081179	0.0616574367535366	0	0.126460357419717	0.0937312410213463	0.0809760786418832	0.0459433264951518	0	0.556731161998295	0.912938411552847
BA00413	0.0864380541062867	0.246360932218154	0.0354257691066079	0.303665810465139	0.0617162084502738	0	0.107387636278266	0.102694232028338	0.0177107370092042	0.0386006203377312	0	0.625351352408461	0.841108561430149
BA00414	0	0.505968084904827	0.00270827694583849	0.364045220022823	0.0158925914331517	0.0180066991901087	0.00164917364214835	0.0492359018188167	0	0.0424940520422862	0	0.571939588811904	0.90599096025033
BA00415	0	0.424057833964354	0.0615626861277954	0.172202636515047	0.0405618420610298	0	0.076302179957858	0.119219488759617	0.0358060909100539	0.0702872417042448	0	0.567392620945211	0.90290663278157
BA00417	0	0.272356899834569	0.00868253526527979	0.29878630566644	0.0575756990226498	0	0.150802346683036	0.106373321331789	0.0515023051666029	0.0539205870296337	0	0.564681270211381	0.901387858586549
BA00418	0.0197658603672693	0.144695479877475	0.0451258389562963	0.147527895207508	0.0770469119057734	0	0.093127381456628	0.249214854460528	0.145142624343874	0.0783531534246487	0	0.543543586425169	0.912370181995529
BA00419	0.0190558096714739	0.392769225659356	0.021365675997345	0.135007145271392	0.0777037808274113	0.0395871137657824	0.176915078706655	0.0953619553943859	0.00762218042145541	0.0346120342847431	0	0.535099786191804	0.938655544234706
BA00420	0.0301882272164344	0.374270328634366	0.00724018566882017	0.218999331048775	0.142093475284063	0.0344202754648634	0.0691431362971276	0.0342819829172567	0.0671501257322963	0.0222129317359978	0	0.26985798467509	1.16868566221628
BA00422	0.0214861487062442	0.311460285139289	0.0360764594378358	0.24387220666	0.0970618589422517	0	0.107773766543624	0.133575294526455	0.00350033668427707	0.0451936433600238	0	0.595247227935132	0.87391071959633
BA00423	0	0.521591971664439	0.0341051500672006	0.147642275777872	0.010850138676626	0.0492350529513542	0.084393735450047	0.104227651194424	0	0.0479540242180374	0	0.456409381617645	1.01863602471574
BA00424	0.0373987504783127	0.455139236429771	0.0450640429090338	0.0901096116899849	0.0211997665986017	0.035427924236879	0.0652453625550381	0.172715221486971	0.0284866984084341	0.0492133852069734	0	0.419391614300404	1.04696299875502
BA00425	0	0.284881267004927	0	0.172245910062778	0.0511882852885656	0	0.0956463898536587	0.134663927293479	0.213398522641025	0.0479756978555669	0	0.416101628539118	1.02557456459155
BA00426	0.0206413975625464	0.204757467170136	0.0491037870726575	0.250182147441891	0.0630174180122103	0.0270279556629376	0.0393943747199234	0.182860463732807	0.107356157553803	0.0556588310710884	0	0.393256290713726	1.05495092081614
BA00427	0	0.552611191482146	0.0209526284951498	0.142946123813943	0.06036647461203	0	0.078149670215779	0.0933944206444699	0.00515740948584835	0.0464220812506337	0	0.411045474886476	1.06044550423391
BA00428	0	0.552895392243711	0	0.143701713388369	0.0633467686229395	0.0440986789679252	0.0348336508814314	0.0716499916146298	0.0454255239619866	0.0440482803190079	0	0.472007017653856	1.00042650925944
BA00429	0	0.574679181930848	0	0.139569455517593	0.0708981274256305	0	0.0989950808620845	0.0556135213182065	0.0149177486253489	0.0453268843202886	0	0.526664123237194	0.951585921376739
BA00430	0	0.237016462316312	0	0.255103003585104	0.0634424848648124	0	0.248155086783767	0.0299582534253861	0.140221675422955	0.0261030336016627	0	0.270712925501437	1.15598617679413
BA00431	0.0424340891412674	0.214868200709805	0.0614674442603073	0.257964412368657	0.0887227937542355	0	0.151399552946357	0.0929569780285506	0.0500500473777028	0.0401364814131169	0	0.591536612530651	0.874030926648061
BA00432	0.00515550291274152	0.378997143188734	0.036139729323397	0.200339709780865	0.0835402388630207	0	0.0935730524573611	0.0986411074035468	0.0491051548215632	0.0545083612487713	0	0.562053002171651	0.906180344060749
BA00435	0	0.22263479627509	0.0285939025980031	0.0352483774926369	0.0290230679173629	0	0.0941438581896233	0.312863156446533	0.228927684322986	0.0485651567577645	0	0.536849389173921	0.913932672747862
BA00436	0.000581352778775011	0.466488306580097	0.0115369328572097	0.322524332521941	0.0660154727262198	0.00382145696862386	0.0224589145141152	0.053057173175891	0	0.0535160578771277	0	0.566139030166156	0.9106905344779
BA00437	0	0.473608869737639	0.00161506506362558	0.215871531827528	0.0623526921540134	0	0.120955665885123	0.0789360462827332	0	0.046660129049338	0	0.508199251564933	0.967514513562174
BA00438	0	0.527408304024698	0	0.2263042824188	0.0557083140204191	0	0.131265737258421	0.0204332002087543	0	0.0388801620689076	0	0.530862556577525	0.948357855928109
BA00439	0.107692668009916	0.121199404587854	0.0278716631291759	0.250657196627742	0.162892344812971	0.060772795274084	0.0196771794096636	0.0553904609949229	0.164253661237187	0.0295926259164836	0	0.394305034396039	1.05266080222067
BA00440	0	0.524565769448248	0.0447875226415802	0.250291096255829	0.0548281707956066	0	0.0282211396753453	0.0453523959608967	0	0.0519539052224942	0	0.556719322857381	0.922055663235442
BA00441	0	0.536202868249002	0	0.113811036222003	0.0594264144710723	0	0.0937103951824582	0.0985278445833463	0.0485763651631715	0.0497450761289466	0	0.438316326156406	1.03016021702641
BA00442	0	0.466604960283698	0.0238805008486394	0.136603253417255	0.0443585343131227	0	0.118919022066413	0.123609428078776	0.0243332756947168	0.0616910252973787	0	0.426738854694912	1.04079142036349
BA00443	0	0.461537790823706	0.0401996081047156	0.113011509877359	0.0240494469601102	0	0.164025931184447	0.107840762890836	0.0249398760039389	0.0643950741548877	0	0.528363572117059	0.94530767449298
BA00445	0	0.350780277936141	0.0415452248298171	0.0751451591557501	0.0436451988079667	0	0.163523278563943	0.157236328646809	0.0864609796391254	0.0816635524204477	0	0.481982571002554	0.98142939965795
BA00446	0.0876382764832803	0.451189515713241	0.00256860220692286	0.134135139870714	0.124457697954201	0.0790040067620938	0	0.065127841737318	0.0243614493576575	0.0315174699145712	0	0.283573846699256	1.16687977550286
BA00447	0.0779663171342819	0.273033893811998	0.0455789987710092	0.211322115374734	0.0588267546019116	0.0212886402386189	0.0837273239119195	0.110086112659499	0.071485155727224	0.0466846877688034	0	0.494367889918285	0.970470497772462
BA00449	0	0.455114955645311	0.0269725865242771	0.173767684756264	0.0713800224911313	0	0.134980708062229	0.0414800289532841	0.0536812567412346	0.0426227568262687	0	0.472920905153819	0.996324053511212
BA00450	0	0.489786151973978	0.0129228095416591	0.108223412260441	0.0478604766247104	0.0296222718440691	0.0323648863266269	0.158738674901771	0.0622512976671186	0.0582300188596263	0	0.51377395708578	0.955271255685848
BA00451	0	0.292534263671974	0.0193643215296656	0.070568224707529	0.0528358526346095	0	0.0469683589794474	0.272142748596156	0.161125644193659	0.0844605856869601	0	0.459566083160744	0.992688290667885
BA00452	0	0.581892315175593	0.0160527836058093	0.200306262329845	0.0681701186383674	0	0.037810326929081	0.0435115061010416	0	0.0522566872202618	0	0.494062795830933	0.986407551023356
BA00453	0	0.49563927150292	0.00474544033014519	0.227723692879594	0.100574160236365	0	0.0790331889370959	0.0457307337010401	0	0.0465535124128394	0	0.485523557192945	0.991367890686522
BA00454	0.000525531265340633	0.318331095260604	0.0456847655711526	0.046292463356404	0.0191082712905262	0.0643865716278005	0.0558623381163498	0.279779646466132	0.0855481018475889	0.0844812151981013	0	0.46275181680793	0.998484522217394
BA00455	0	0.252054988201026	0.0137094690855555	0.231512990191164	0.0618817465526692	0.0379312523035732	0.190566436453164	0.142656155627958	0.0122335517152235	0.0574534098696667	0	0.549632725845135	0.920058790147023
BA00456	0.0292771850727248	0.408417798653107	0.0174245017152847	0.222461304250067	0.0326258057990258	0	0.115357878841186	0.0998439126311159	0.0203563415542441	0.054235271483245	0	0.416351461450336	1.04979661442548
BA00457	0	0.678647898143902	0	0.0755853570144344	0.0756024118918898	0	0.094030285209513	0.0277358781324245	0	0.0483981696078358	0	0.462557679075543	1.02117185264069
BA00458	0	0.725583005117654	0.0186927155309985	0.0421030083066894	0.0528309630619122	0	0.0586267390308285	0.0600818677224321	0	0.0420817012294851	0	0.332204793529867	1.14005485658086
BA00459	0	0.38470261547525	0.022449496900102	0.191027933936247	0.0156374177232986	0	0.182393459653106	0.135661587635866	0.0225187986539058	0.0456086900222247	0	0.510619111629505	0.959759006477551
BA00460	0	0.375237206600932	0.029998492900272	0.287865139139325	0.0696552881690842	0.00659525486853063	0.0650779563229153	0.117125351741782	0.00463090048082919	0.0438144097763291	0	0.591070547360708	0.87950254676526
BA00511	0	0.439918146549064	0.0348000924546975	0.256050214842721	0.0492851981598535	0	0.116371920209074	0.0686944164369584	0	0.0348800113476318	0	0.605011157941897	0.867164336191405
BA00512	0	0.241314035539416	0.0121732985660612	0.107761773023318	0.0151546551343782	0	0.190693384856242	0.207405738223867	0.149409988075507	0.0760871265812108	0	0.599372216775138	0.857089367686771
BA00513	0.0517845596416157	0.327936706388867	0.0341947491607813	0.169658298679419	0.0644005197369634	0.116582151666419	0.0555664688685712	0.112998596430537	0.0220932708091138	0.0447846786177139	0	0.541554307038698	0.929780555873923
BA00514	0	0.313535736347273	0.0328952184928206	0.157213039970026	0.0489686495514186	0	0.213306529081662	0.144256438088601	0.0389241696251014	0.0509002188430984	0	0.505073491719568	0.962462768253492
BA00515	0.0360323948356641	0.292526604341305	0.024788280501534	0.0782991939384013	0.0777998666527864	0.0215370997146614	0.0467673292772238	0.211939240401005	0.124022622177564	0.0862873681598552	0	0.296365002282505	1.13659828706082
BA00516	0.0281883281147168	0.273142923706655	0.0278717969718002	0.112770306130247	0	0.0319948493211678	0.0632552519813182	0.285370345373412	0.06644456270968	0.110961635691003	0	0.449114790749725	1.01193464150908
BA00517	0	0.548655885863898	0	0.0700629471407524	0.0860307538923684	0	0.0438037105186978	0.0833091330297223	0.113972443094316	0.054165126460245	0	0.41593441377948	1.04468191484137
BA00518	0.0606366959915469	0.189257239078431	0.0568529769486923	0.327987077597769	0.1474217636187	0	0.14989462179448	0.0408494510948212	0	0.0271001738755593	0	0.521497765726415	0.953573825975733
BA00519	0	0.368166633099181	0.0386341678358132	0.312104973100763	0.0678880273239091	0	0.0939428269286372	0.0507026809608585	0.0341963797546734	0.0343643109961646	0	0.550069668405643	0.921121130113588
BA00520	0.0148912252274128	0.211011589947917	0.0343926236687889	0.144966240164002	0.0507461463069172	0.00727028037490012	0.0826160416604438	0.206822931152674	0.17454528588062	0.0727376356163239	0	0.537740637723763	0.916471515035468
BA00521	0	0.517927469258297	0.0394196600187585	0.149326877424795	0.0346274566832228	0	0.117965328306532	0.0919117539804702	0	0.0488214543279243	0	0.463138888212419	1.01227155372051
BA00522	0	0.543641653255507	0.0190094074599456	0.0987095240571811	0.0292336673931419	0.0542199721976325	0.00969235614927484	0.164480062623	0.0221990434678541	0.0588143133964627	0	0.483879546716895	0.990143285266028
BA00523	0.0543211632294101	0.264152754895548	0.0270699277288406	0.428604182062476	0.0507443085376966	0	0.094821541733917	0.0386395475215807	0.00563039967892167	0.0360161746116091	0	0.581087188978406	0.893142136510332
BA00525	0	0.460249158810795	0.0154392667990952	0.0833543928088341	0.04979826015435	0.0667251993616652	0.066342713368904	0.149816972341762	0.0353954023123777	0.0728786340422169	0	0.481826564288792	0.988909323073515
BA00526	0.0295138309520597	0.0673635708037245	0.0850174679946329	0.352945075003354	0.139563836076563	0	0.239970928929079	0.0595244978289765	0	0.0261007924116099	0	0.548312120865776	0.925858051833778
BA00527	0.0376929372961976	0.183764644417214	0.0325039153656826	0.383582412701059	0.0989967775328846	0	0.163384367238594	0.0558890757617631	0	0.0441858696866049	0	0.537988316956177	0.936170182839043
BA00528	0.100399239835166	0.192331320252352	0.00124236182793736	0.289837361253428	0.0594964709876663	0.0230136938197706	0.0944851836815504	0.160544853803443	0.0214293883198769	0.0572201262188102	0	0.442283860378575	1.02284936662622
BA00529	0	0.596094495996943	0.0144530496366267	0.0725770728940112	0.0380079923060641	0	0.0801652205186235	0.102087706656014	0.0434226031154015	0.0531918588763161	0	0.469826618328781	1.00430423956027
BA00530	0.00966455548537539	0.400491050336374	0.0292810401001331	0.250131483845024	0.0473151176801458	0	0.0894961657039027	0.0874756397519476	0.0354042729706662	0.0507406741264311	0	0.578617599743349	0.891028429668901
BA00531	0.000998537113172762	0.560904110824738	0.0297317530720135	0.0952924542439714	0.0276900362413549	0.0302735708168019	0.000521755573290989	0.107700658693533	0.0699968249886466	0.0768902984324763	0	0.471211360848417	0.999580232875478
BA00532	0.0256986232240361	0.385373615460716	0.0227535909959343	0.273234613862203	0.0538570130161935	0.0137875156891745	0.0594081282908696	0.112664276429651	0	0.0532226230312225	0	0.416323969577558	1.05147249857773
BA00533	0.044130547521619	0.43753851082195	0.0390207775304991	0.223626830288545	0.0579076311439459	0	0.104165864684996	0.0618585931700165	0	0.0317512448384285	0	0.406263226909149	1.06356409970499
BA00534	0	0.616206731610984	0.0283416762766934	0.0786732114275343	0.037302992828821	0.0214289840433362	0.0204350544023533	0.136316906492058	0	0.0612944429182199	0	0.476097334073124	1.00339659132427
BA00535	0.0864898164818391	0.737401815277681	0	0	0.0688960525678311	0	0.0513376966938723	0.0111064030793461	0.00796473079782283	0.0368034851016074	0	0.557247069560783	0.932490834725524
BA00536	0.0567613033884473	0.483299650083918	0.0310569190578274	0.254187655477247	0.0529167795955841	0.0158613367474639	0.0194023825818901	0.0429408413183092	0	0.0435731317493135	0	0.468072847938136	1.00989287707014
BA00537	0.0428877581320479	0.248818432176485	0.0296388580570637	0.196862031138297	0.103334530188298	0	0.107348657807496	0.132932607279174	0.0822426473146152	0.0559344779065227	0	0.477917251949938	0.983193120242087
BA00019	0.113364460516935	0.0722003698193869	0.0701218699090113	0.191812753674734	0.111523600420135	0.108970763055784	0	0.212960700102163	0.0892140652631044	0.0298314172387464	0	0.126607803539265	1.2684232025128
BA00024	0.025142632894568	0.171907944915539	0.0777163986641831	0.297852670760492	0.106157839732761	0.0480595603291285	0.0557002197182055	0.13023561090331	0.0447924829063768	0.0424346391754365	0	0.45418850720236	1.00895630639
BA00028	0.0449124971484328	0.123018892413169	0.0216875161792683	0.227822535560999	0.0422298501186423	0.0229849222210099	0.0724730288350453	0.19760163846343	0.18034859418112	0.0669205248788829	0	0.608746890717135	0.843347103725248
BA00060	0	0.550152649371014	0.0179686201269205	0.131585989620374	0.02388422074764	0.056508129530418	0.00453048553365788	0.136207388123527	0.0232579741704265	0.0559045427760215	0	0.253048205519733	1.19100259722742
BA00061	0.0038676754286056	0.590313713011377	0.0156422095713206	0.0524345602515492	0.0700220313071003	0.017337953172437	0.0365477455546928	0.102410865862746	0.0648369455766056	0.0465863002635661	0	0.539156898739122	0.934439858753896
BA00062	0	0.489803636549927	0.0243174986188207	0.0402924713396989	0.0646962190336884	0	0.10379645766304	0.163798277423254	0.0466035567466625	0.0666918826249087	0	0.388986200772117	1.07283180938395
BA00065	0	0.264178476479058	0	0.100424819497244	0.0905428782580222	0.0116510928700767	0.0738492048540137	0.302549529149588	0.0735202875002715	0.083283711391726	0	0.52578171600995	0.93644821341457
BA00067	0	0.371865024604566	0.0184561152771474	0.123673538779577	0.0281809533548153	0.0468618827424725	0.0878999509172353	0.154973380185276	0.0928814488034741	0.0752077053354355	0	0.534063675991508	0.930267624966793
BA00068	0	0.0548992631216109	0.00804366695417107	0.0465537235486328	0.0270623039895968	0	0.0783344301676774	0.312633594033899	0.3702804382687	0.102192579915712	0	0.499039147014561	0.941894015634302
BA00069	0.0486163936105028	0.544970270758567	0.0283893743013807	0.23809156575918	0	0.0307360540631425	0.00567455958883564	0.0585586208219518	0.00525273501130715	0.0397104260851323	0	0.51262625170669	0.9672856834266
BA00070	0.0156601757226578	0.378704786971588	0.032548647419498	0.0615487173084141	0.0242797959247186	0.0294365102576299	0.00184149612383895	0.29879796663528	0.0981840411679544	0.0589978624684198	0	0.536746334945265	0.926377277594916
BA00071	0	0.454444847036433	0.011285092828408	0.190876598588261	0.0390424759873246	0	0.0724217205578233	0.109693768682418	0.0686079913500562	0.0536275049692761	0	0.37653699620768	1.07953104217205
BA00073	0.131959003088261	0.295467675957448	0.0236477427708423	0.196503820673975	0.0720520493525078	0.00666047153596425	0.103094377735828	0.0686869203590957	0.0533749666224894	0.0485529719035877	0	0.510559574705761	0.959426834265575
BA00074	0	0.666273128738555	0.00302137119080858	0.103322223879186	0.0388744527083276	0	0.0415868114702732	0.0416061722688351	0.055621391679464	0.0496944480645502	0	0.419166439277	1.05410466136894
BA00075	0	0.651468071482131	0.00400714705180114	0.0965272926020993	0.0502125592613878	0	0.0622149867053657	0.0355216181722799	0.0557421153964082	0.0443062093285269	0	0.381070532997693	1.08729226739249
BA00076	0	0.487374010797412	0.0317695275086811	0.0643840053240674	0.00255196273182863	0.0400435616702199	0.073716339316216	0.0594968863023291	0.199364424562856	0.0412992817863896	0	0.365256741920983	1.07876828573596
BA00079	0.00280430208085402	0.46247181256805	0.0224429234640935	0.165951266860088	0.0355504271778207	0.00955650406255585	0.126764593499782	0.132820289137466	0	0.0416378811492895	0	0.357296256379677	1.10391317702705
BA00080	0.0364589935530347	0.321665748883959	0.0269063181272537	0.125665058444489	0.0146295394851032	0.038228399233791	0.111419193126868	0.206522316362322	0.051640703307007	0.066863729476173	0	0.488813605740858	0.976843929134348
BA00081	0	0.416591506071514	0.0122839883095419	0.263425954329074	0.0523927275173011	0	0.0807979697705379	0.110461834581956	0.00710473280277381	0.0569412866173009	0	0.485271140228016	0.986897289872572
BA00083	0	0.629997195546965	0.0296083817137141	0.0950778823222983	0.0585927475975208	0	0	0.0972838980936607	0.041311767227356	0.0481281274984852	0	0.397118565350382	1.07272857213468
BA00084	0	0.435135518742603	0.0383776272539186	0.0697027757838553	0.0311080973726267	0.0242954141491849	0.116098543188299	0.149932633269076	0.0769770970513193	0.0583722931891173	0	0.513048759199714	0.954055071796464
BA00085	0	0.405585257175992	0	0.0578565956311644	0.0403094766060108	0	0.0494707272753903	0.131080210885462	0.264552751692635	0.0511449807333459	0	0.370607443795154	1.06375383323384
BA00090	0	0.411616442955292	0.00625142822959504	0.335461207585409	0.0336075334956236	0.0114113891928591	0.101463528306398	0.0549108708630679	0	0.0452775993717556	0	0.386702868579751	1.07977351411702
BA00093	0	0.359902988832609	0.0121901249154397	0.336279606441857	0.086512034502811	0	0.0726267893622047	0.0739279410386054	0.00260428612427025	0.0559562287822031	0	0.532348839923582	0.94182691764828
BA00094	0.0454712417109732	0.419529374914168	0.0218477610674127	0.185343651243631	0.0265476013419243	0	0.081375043597441	0.1279799580965	0.0281704337925864	0.0637349342353624	0	0.430469329908191	1.03642592355565
BA00095	0.0451832019824385	0.492533327268226	0.0151700538799498	0.112982970336399	0.032634793691369	0.0334927767369724	0.0481331873532517	0.144059125935366	0.0298200944925714	0.0459904683234563	0	0.482753429480604	0.989587054635458
BA00096	0	0.588500937790727	0.0179835680555442	0.0289380309025142	0.0494913450225884	0.0211776545617625	0.00574857025842375	0.16881617471861	0.0590779839873465	0.0602657347024834	0	0.476799647228204	0.99544116404952
BA00097	0	0.311575415167018	0.0331391432224965	0.138375585086093	0.00464263137404385	0.00989247033273836	0.105862711342783	0.175086932462285	0.143879802418373	0.0775453085941694	0	0.448344434704132	1.00513093559197
BA00098	0	0.378747766579199	0	0.115418768248415	0.0193391615230812	0.0399901218895234	0.0721753579530477	0.130988080698084	0.15266297151676	0.0906777715918897	0	0.521107652813604	0.938659629787707
BA00099	0	0.308876295795784	0.058506089216017	0.36363503433975	0.0473603912829853	0	0	0.0993821754144352	0.037170696939363	0.0850693170116655	0	0.422130409525312	1.04224394500909
BA00100	0.0596722808710245	0.0360907725970843	0.0660140564551609	0.506189816694339	0.111837833707164	0	0.0753637681490745	0.063596278062241	0.0504961838247539	0.0307390096391578	0	0.581111813579936	0.889421971244617
BA00102	0	0.35482970280081	0.0507549979131383	0.277398410748301	0.0967540812633757	0.0241191490991346	0	0.127751223445789	0.00709129293933252	0.0613011417901186	0	0.333231422911536	1.12181728457025
BA00103	0	0.611852647659302	0.0505361944674318	0.0951013214287234	0.0488347712319492	0.0520440678213952	0.0428326927096467	0.0430242330074451	0.0142121258386219	0.0415619458354847	0	0.425765177799809	1.05070330602931
BA00104	0.12419784747439	0.390991228742746	0.0307123923231803	0.18689276152247	0.0891608351484163	0.0331809407692701	0	0.076440740098371	0.0267451339636866	0.0416781199574706	0	0.438844676309204	1.03241580337275
BA00106	0.00208110319506234	0.321627256543286	0.0344443551574341	0.292994323111869	0.0613364213793683	0	0.0966520941499127	0.0939981813719414	0.0490406234099266	0.0478256416811996	0	0.456306102568321	1.00813178763181
BA00107	0	0.516862483838907	0	0.209014568701123	0.0450667754922819	0	0.118999110239207	0.06830536990304	0	0.0417516918254417	0	0.510506123900339	0.966786952262489
BA00108	0	0.455209158441554	0.0389319386230005	0.287153913806075	0.0192338129929778	0.00440579995153761	0.0665223747840668	0.0603452344567746	0	0.0681977669440141	0	0.412272051125217	1.0584551370404
BA00109	0.0124517253114177	0.172696062847036	0.023917819424926	0.131048465641619	0.0147141025328177	0	0.233646419096575	0.233084994726962	0.111398635251013	0.0670417751676348	0	0.432483839641328	1.02121088925179
BA00110	0	0.439413348565865	0.0202852992254658	0.27167063449261	0.0377314442199706	0.0184996485448231	0.0154355737894172	0.0751576543478214	0.0727757833302179	0.0490306134838088	0	0.518250824638933	0.949940038666495
BA00111	0	0.296625621206128	0.0130717782464351	0.1525331772269	0.026613485235747	0.0467757555005399	0.185573112425799	0.201895681396857	0	0.0769113887615933	0	0.476868160484398	0.993142454634985
BA00112	0	0.291849437626103	0.0163619388991005	0.20897404554749	0.0524374569137462	0.00887259749967848	0.0843891091347315	0.17575738047888	0.118900298669524	0.042457735230747	0	0.593481196450611	0.864295058478166
BA00113	0	0.168640200591088	0.0255675259846349	0.249662571844979	0.0524788920872917	0	0.190863117054957	0.263624019747221	0	0.0491636726898277	0	0.524610447418541	0.942845764656557
BA00114	0	0.51142478565284	0.000883251451749633	0.161421380852507	0.0553369828195169	0.00371085219651367	0.0792663331899612	0.0884147877362633	0.0599436629848286	0.0395979631158202	0	0.433099194005671	1.03262141862831
BA00115	0	0.367902342961781	0.0284093675576553	0.2752766157168	0.0531867231594783	0.00943551309739139	0.094459543949691	0.123163065395633	0.00854389278391956	0.0396229353776499	0	0.398160974492989	1.06495721824295
BA00116	0	0.38923451984984	0.0061133043461372	0.387907561783616	0.0638202394237298	0.0412489883772643	0.0208488018036641	0.0526461219930712	0.0010835981956025	0.0370968642270755	0	0.383526014908387	1.08306416978001
BA00120	0	0.334720331339234	0.00980051338371303	0.323109310613976	0.0408586656637267	0	0.157953730707693	0.0874409623935	0	0.0461164858981564	0	0.409779174882795	1.05643441718256
BA00123	0	0.58643065597589	0.00982368878702296	0.141505591174885	0.0747561431567287	0	0.087132756307851	0.0487625441108214	0	0.0515886204868003	0	0.413946747522266	1.06114795323399
BA00126	0	0.427143272281796	0.0253800663631836	0.145999566168128	0.0921972325925676	0	0.152012284266069	0.106012579458616	0	0.0512549988696391	0	0.392547061096987	1.0731311619227
BA00144	0	0.490702263344828	0.0163638087461474	0.0875263667166101	0.0567222362124473	0	0.0537155184965207	0.1483140549341	0.0847031656067412	0.061952585942605	0	0.446133594869591	1.0172715006539
BA00153	0	0.499476022117669	0.0198836960250532	0.175414122881203	0.0415692734079473	0	0.0581395183334867	0.0670532838765139	0.0942364441695684	0.0442276391885584	0	0.479542737155903	0.986481053556564
BA00158	0	0.417069137319412	0.0228622747616899	0.218365171137824	0.0505170139839604	0.0032374621980891	0.123529086976226	0.0942290177560708	0.00575042869131993	0.0644404071754073	0	0.452326589735729	1.01862234448534
BA00407	0	0.388736438851911	0.0178027782774296	0.315373879144122	0.0358392621738205	0.00603936922038768	0.0684906000108743	0.107050963888813	0	0.0606667084326413	0	0.564631406823831	0.908559439469644
BA00421	0	0.396709154433466	0.0220790773389465	0.363666061671364	0.0307857111542357	0	0.0276488090823539	0.0796318750030202	0.0453149969922749	0.0341643143243384	0	0.411795551616621	1.05165526478167
BA00568	0	0.383745969598446	0.019859185327929	0.212022435587975	0.0543267947603922	0	0.180376790422208	0.113850152424339	0	0.0358186718787109	0	0.45940295883396	1.01106343692139
BA00585	0	0.378921868357634	0.00297626270777213	0.144069141967526	0.0221230582293555	0	0.117477325834231	0.262491463553373	0.0267282670792833	0.0452126122708249	0	0.458997204673989	1.00566995709271
BA00593	0.0240790023809205	0.513251205705531	0.0214492570729141	0.152233193294507	0.0578968284123382	0	0.0181988067442851	0.118444652012435	0.0427524207756597	0.0516946336014103	0	0.380627481827147	1.0818423144597
BA00595	0	0.357601448930096	0.0582242484789641	0.0978362991794645	0.0385960079393739	0	0.184466564222112	0.2073989702713	0	0.0558764609786891	0	0.431942761359071	1.03518463248127
BA00596	0	0.248997360117846	0.0242044416417004	0.238167664370921	0	0	0.116767821465752	0.277322694738063	0.0493115540024411	0.0452284636632766	0	0.432407969046948	1.0247888752574
BA00597	0	0.313556518610458	0.0501688024615532	0.182100814993349	0.0714040185018394	0	0.125410407075504	0.177834668034873	0.0172153734824914	0.0623093968399319	0	0.390397052733862	1.06871270262116
BA00598	0	0.532967728119267	0.0294891673170597	0.250283075602226	0.0314298273495343	0	0.058945101413964	0.064103944867695	0	0.0327811553302546	0	0.383253694877437	1.08593394320165
BA00599	0	0.601328224315928	0.0320973846953024	0.076373018966264	0.0382984964865553	0	0.12768734428579	0.0850350570016108	0	0.0391804742485492	0	0.277368391197685	1.17815387207704
BA00600	0	0.350997633064412	0.0138354616423667	0.301065231961226	0.0457048212456131	0	0.0325642314538624	0.144792838421926	0.0614621765815329	0.0495776056290614	0	0.449846880165712	1.01208634614078
BA00601	0	0.341727607559941	0.0386388576688572	0.289596004282008	0	0	0.0899129079970823	0.12665697732836	0.0623144196697778	0.0511532254939735	0	0.447459853086846	1.01436944319128
BA00603	0	0.390186095529859	0.0377865878648693	0.167016072441144	0.004623265997257	0	0.16519265999454	0.17502757805201	0	0.0601677401203212	0	0.396261259056912	1.06784136995771
BA00604	0.012499585523556	0.260218762643806	0.0358452496276698	0.180915323912403	0	0	0.196666605706319	0.254047312659989	0	0.0598071599262572	0	0.389626884864479	1.0701033032396
BA00605	0	0.471374281153933	0.0190259717326117	0.176387673394779	0.041159837637907	0	0.105572656544991	0.13865111505786	0	0.0478284644779187	0	0.365092094873527	1.09719128842955
BA00608	0	0.663468498129794	0.0108228523841412	0.1237185264104	0.0583557041490623	0	0.0264300071590107	0.0666504670451472	0.0123570877962897	0.0381968569261546	0	0.420808141733067	1.05648450560943
BA00637	0.120874117283029	0.351408109268555	0.0240460592526518	0.260402835610709	0.0444100007328522	0.00628206052776626	0.0350078127196712	0.100409574747671	0	0.0571594298570947	0	0.399284314687271	1.06942966494951
BA00638	0.00385164125552115	0.36195756535655	0.0223465710495863	0.171106889702996	0.0411516698516618	0	0.0715175751454805	0.260767964166916	0	0.067300123471288	0	0.405640816044138	1.05672581776982
BA00639	0	0.36155168156297	0	0.124517490674895	0.0438990956710138	0	0.256579431311734	0.100270583463397	0.0536992826872911	0.0594824346286988	0	0.409046472884024	1.0526587753342
BA00640	0	0.202133766266882	0.0197593524432523	0.0627792110261437	0.0346772179087114	0.0360645251630603	0.135855986438176	0.292905041666991	0.0927630382281729	0.12306186085861	0	0.533546528384664	0.929731712551267
BA00641	0.0518404706232288	0.33954679272777	0.0322853109114534	0.201816293601601	0.0354651136329818	0.0449090321657235	0.0510497684311503	0.15442532396185	0.0342239519934486	0.0544379419507933	0	0.420244070386649	1.04257405384385
BA00643	0	0.434240217556166	0.0312991873007603	0.15422164389365	0.0227027610036081	0.039790634146279	0.117819893840908	0.141550681881892	0	0.0583749803767365	0	0.399744520113178	1.066659215757
BA00644	0	0.292428233108688	0.0275994539993998	0.101154837061801	0.00497049550136516	0	0.188447057086043	0.226645397492137	0.0550694386415212	0.103685087109046	0	0.352892474911416	1.09854369066131
BA00645	0	0.157417058650374	0.0242424071631148	0.132002493533041	0.0393427691120809	0.0406064998054059	0.0139018674617371	0.364691765931042	0.133587472407327	0.0942076659358772	0	0.555683399396882	0.90172359003856
BA00646	0.0190239965867496	0.26875466894935	0.0379903227991244	0.212666625377081	0	0.0119543460367594	0.0900303322679455	0.274027518898858	0	0.0855521890841326	0	0.412196521235275	1.04996134996384
BA00647	0	0.418999939239296	0.0257628755901438	0.347457702195228	0	0	0.0799109891191661	0.0810298581877331	0	0.0468386356684324	0	0.386021594556141	1.07999449335788
BA00648	0	0.249347530988632	0.0331512172502917	0.293934146716203	0.0316619723823455	0	0.183719084252735	0.152139701657374	0	0.0560463467524193	0	0.464516724468779	1.0036545729412
BA00649	0	0.582316111540653	0.0471708686714177	0.142765204947605	0.0610854207969106	0	0.0488142928173889	0.0551190936827484	0.0204432761942279	0.0422857313490478	0	0.374171843084831	1.09394547748059
BA00651	0.0405953606673881	0.408239864993208	0.049127159130921	0.252758080514153	0.0229569229430252	0.0369258217155583	0.0907677766370663	0.0528679688359912	0	0.0457610445626897	0	0.50701988986835	0.969287961003889
BA00653	0.011676237881884	0.369685726736003	0.0475326343261127	0.253005644627055	0.0381980291824962	0	0.124749634721685	0.0975912864228701	0	0.057560806101894	0	0.466124840025272	1.00561568056092
BA00654	0.0833485113614438	0.365671991252177	0.03259213836589	0.219599824439891	0.0438668461793942	0	0.0952522754923273	0.113292566018041	0	0.0463758468908359	0	0.357020397152162	1.10426447236735
BA00655	0	0.231545970002693	0.0446227479998504	0.190547032183363	0.0035217031249374	0	0.077661907182172	0.342087483330863	0.0355782657934261	0.074434890382695	0	0.404257285895907	1.05134798590798
BA00027	0	0.313535504431103	0	0.059451501951657	0.0387071251026303	0.0405605243859913	0.0446101624429827	0.231724046857041	0.173124616418414	0.0982865184101805	0	0.531074244204544	0.92600755216858
BA00063	0.090298001680566	0.524612018830881	0.00892479074669313	0.140116633230051	0.0526595589905638	0	0.0268323728216002	0.0976793577741818	0	0.0588772659254631	0	0.37664704004083	1.09361231483473
BA00101	0	0.490662278199151	0.0286658874982448	0.176296023883954	0.044508565143359	0	0.070851914904478	0.065377497990552	0.0780802216931173	0.0455576106871431	0	0.397230491171362	1.06284663992459
BA00134	0.0699100418115345	0.2777690994079	0.051983611979066	0.299171001635778	0.161053488284629	0.00372687539756927	0	0.0816294818208899	0	0.0547563996626322	0	0.379516749253445	1.08643678199979
BA00164	0.0401918793574007	0.00916293552337273	0.0484841857905751	0.222787117347362	0.0273673370348811	0	0.185607521217945	0.308618950071094	0.0956812561826975	0.0620988174746725	0	0.472214167232583	0.98451666544881
BA00166	0	0.358246233999157	0.0256841623186741	0.374679870199162	0.0234039690395835	0.000814286808042149	0.0812005999164685	0.0894162740096616	0	0.0465546037092511	0	0.374961247450349	1.08819103400389
BA00448	0	0.475438975522806	0.0192590417104915	0.0947395776885286	0.0337566872270335	0	0.0769865657046424	0.149398332908591	0.0907386483727062	0.0596821708652011	0	0.433549059141911	1.02757602585113
BA00586	0.0834921109731272	0.207514558704677	0.083017689684077	0.31130408154105	0.112139736944838	0	0.0260928274303535	0.0902658945881728	0.0469066781734607	0.0392664219602438	0	0.477079311201593	0.991078947884768
BA00636	0	0.0761501013587087	0	0.114956135139826	0.0371480116629217	0	0.157584069817943	0.16079430577544	0.414435453806103	0.0389319224390584	0	0.458906843606904	0.971381501216593
